16
3 5 -6 0 2 3 4 5 2 8 5 3 5 9 2 8
5 6 0 2 3 5 6 2 9 1 0 3 8 2 -9 4
6 3 2 3 -7 4 9 1 0 2 6 3 6 1 9 5
7 1 4 2 8 0 4 2 0 6 9 3 1 4 7 9
3 7 0 2 -9 4 8 1 7 0 3 1 8 3 9 0
5 6 0 2 3 5 6 2 9 1 0 3 8 -2 9 4
3 5 6 0 2 3 -4 5 2 8 5 3 5 9 2 8
6 3 2 3 7 4 9 1 0 2 6 3 6 1 9 5
3 7 0 2 9 4 8 1 7 0 3 1 8 3 9 0
7 1 -4 2 -8 0 4 2 0 6 9 3 1 4 7 9
2 5 1 0 3 5 8 2 5 4 2 5 1 3 6 2
5 3 6 0 1 2 8 4 8 3 6 9 2 6 1 8
4 2 5 1 5 3 5 7 2 6 -6 1 3 0 7 1
5 6 5 2 6 8 0 1 2 7 5 3 2 8 3 1
2 5 1 0 3 5 8 2 5 4 2 5 1 3 6 2
6 3 2 3 7 4 9 1 0 2 6 3 6 1 9 5
3 5 6 0 -2 3 4 5 2 8 5 3 5 9 2 8
5 6 0 2 3 5 6 2 9 1 0 3 -8 2 9 4
6 3 2 3 7 4 9 1 0 2 6 3 6 1 9 5
7 1 4 2 8 0 4 2 0 6 9 3 1 4 7 9
3 7 0 2 9 4 8 1 7 0 3 1 8 3 9 0
5 6 0 2 3 5 6 2 9 1 0 3 8 2 9 4
3 5 6 0 2 3 4 -5 2 8 5 3 5 9 2 8
6 3 2 3 7 4 9 1 0 2 6 3 6 1 9 5
3 7 0 2 9 4 8 1 7 0 3 1 8 3 9 0
7 1 4 2 -8 0 4 2 0 6 9 3 1 4 7 9
2 5 1 0 3 5 8 2 5 4 2 5 1 3 6 2
5 3 6 0 1 2 8 4 8 3 6 9 2 -6 1 8
4 2 5 1 5 3 5 7 2 6 6 1 3 0 7 1
5 -6 5 2 6 8 0 1 2 7 5 3 2 8 3 1
2 5 1 0 3 5 -8 2 5 4 2 5 1 3 6 2
6 3 2 3 7 4 9 1 0 -2 6 3 6 1 9 5

32 
3 5 6 0 2 3 4 5 2 8 5 3 5 9 2 8 3 7 0 2 9 4 8 1 7 0 3 1 8 3 9 0
5 6 0 2 3 5 6 2 9 1 0 3 8 2 9 4 2 5 1 0 3 5 8 2 5 4 2 5 1 3 6 2
6 3 2 3 7 4 9 1 0 2 6 3 6 1 9 5 5 6 0 2 3 5 6 2 9 1 0 3 8 2 9 4
7 1 4 2 8 0 4 2 0 6 9 3 1 4 7 9 3 5 6 0 2 3 4 5 2 8 5 3 5 9 2 8
3 7 0 2 9 4 8 1 7 0 3 1 8 3 9 0 7 1 4 2 8 0 4 2 0 6 9 3 1 4 7 9
5 6 0 2 3 5 6 2 9 1 0 3 8 2 9 4 3 5 6 0 2 3 4 5 2 8 5 3 5 9 2 8
3 5 6 0 2 3 4 5 2 8 5 3 5 9 2 8 3 7 0 2 9 4 8 1 7 0 3 1 8 3 9 0
6 3 2 3 7 4 9 1 0 2 6 3 6 1 9 5 5 6 0 2 3 5 6 2 9 1 0 3 8 2 9 4
3 7 0 2 9 4 8 1 7 0 3 1 8 3 9 0 2 5 1 0 3 5 8 2 5 4 2 5 1 3 6 2
7 1 4 2 8 0 4 2 0 6 9 3 1 4 7 9 3 5 6 0 2 3 4 5 2 8 5 3 5 9 2 8
2 5 1 0 3 5 8 2 5 4 2 5 1 3 6 2 5 6 0 2 3 5 6 2 9 1 0 3 8 2 9 4
5 3 6 0 1 2 8 4 8 3 6 9 2 6 1 8 4 2 5 1 5 3 5 7 2 6 6 1 3 0 7 1
4 2 5 1 5 3 5 7 2 6 6 1 3 0 7 1 3 7 0 2 9 4 8 1 7 0 3 1 8 3 9 0
5 6 5 2 6 8 0 1 2 7 5 3 2 8 3 1 3 5 6 0 2 3 4 5 2 8 5 3 5 9 2 8
2 5 1 0 3 5 8 2 5 4 2 5 1 3 6 2 4 2 5 1 5 3 5 7 2 6 6 1 3 0 7 1
6 3 2 3 7 4 9 1 0 2 6 3 6 1 9 5 7 1 4 2 8 0 4 2 0 6 9 3 1 4 7 9
3 5 6 0 2 3 4 5 2 8 5 3 5 9 2 8 3 5 6 0 2 3 4 5 2 8 5 3 5 9 2 8
5 6 0 2 3 5 6 2 9 1 0 3 8 2 9 4 3 5 6 0 2 3 4 5 2 8 5 3 5 9 2 8
6 3 2 3 7 4 9 1 0 2 6 3 6 1 9 5 7 1 4 2 8 0 4 2 0 6 9 3 1 4 7 9
7 1 4 2 8 0 4 2 0 6 9 3 1 4 7 9 5 6 5 2 6 8 0 1 2 7 5 3 2 8 3 1
3 7 0 2 9 4 8 1 7 0 3 1 8 3 9 0 5 6 0 2 3 5 6 2 9 1 0 3 8 2 9 4
5 6 0 2 3 5 6 2 9 1 0 3 8 2 9 4 2 5 1 0 3 5 8 2 5 4 2 5 1 3 6 2
3 5 6 0 2 3 4 5 2 8 5 3 5 9 2 8 4 2 5 1 5 3 5 7 2 6 6 1 3 0 7 1
6 3 2 3 7 4 9 1 0 2 6 3 6 1 9 5 3 7 0 2 9 4 8 1 7 0 3 1 8 3 9 0
3 7 0 2 9 4 8 1 7 0 3 1 8 3 9 0 7 1 4 2 8 0 4 2 0 6 9 3 1 4 7 9
7 1 4 2 8 0 4 2 0 6 9 3 1 4 7 9 5 6 5 2 6 8 0 1 2 7 5 3 2 8 3 1
2 5 1 0 3 5 8 2 5 4 2 5 1 3 6 2 5 6 0 2 3 5 6 2 9 1 0 3 8 2 9 4
5 3 6 0 1 2 8 4 8 3 6 9 2 6 1 8 3 5 6 0 2 3 4 5 2 8 5 3 5 9 2 8
4 2 5 1 5 3 5 7 2 6 6 1 3 0 7 1 4 2 5 1 5 3 5 7 2 6 6 1 3 0 7 1
5 6 5 2 6 8 0 1 2 7 5 3 2 8 3 1 3 7 0 2 9 4 8 1 7 0 3 1 8 3 9 0
2 5 1 0 3 5 8 2 5 4 2 5 1 3 6 2 2 5 1 0 3 5 8 2 5 4 2 5 1 3 6 2
6 3 2 3 7 4 9 1 0 2 6 3 6 1 9 5 7 1 4 2 8 0 4 2 0 6 9 3 1 4 7 9
3 5 6 0 2 3 4 5 2 8 5 3 5 9 2 8 3 7 0 2 9 4 8 1 7 0 3 1 8 3 9 0
5 6 0 2 3 5 6 2 9 1 0 3 8 2 9 4 2 5 1 0 3 5 8 2 5 4 2 5 1 3 6 2
6 3 2 3 7 4 9 1 0 2 6 3 6 1 9 5 5 6 0 2 3 5 6 2 9 1 0 3 8 2 9 4
7 1 4 2 8 0 4 2 0 6 9 3 1 4 7 9 3 5 6 0 2 3 4 5 2 8 5 3 5 9 2 8
3 7 0 2 9 4 8 1 7 0 3 1 8 3 9 0 7 1 4 2 8 0 4 2 0 6 9 3 1 4 7 9
5 6 0 2 3 5 6 2 9 1 0 3 8 2 9 4 3 5 6 0 2 3 4 5 2 8 5 3 5 9 2 8
3 5 6 0 2 3 4 5 2 8 5 3 5 9 2 8 3 7 0 2 9 4 8 1 7 0 3 1 8 3 9 0
6 3 2 3 7 4 9 1 0 2 6 3 6 1 9 5 5 6 0 2 3 5 6 2 9 1 0 3 8 2 9 4
3 7 0 2 9 4 8 1 7 0 3 1 8 3 9 0 2 5 1 0 3 5 8 2 5 4 2 5 1 3 6 2
7 1 4 2 8 0 4 2 0 6 9 3 1 4 7 9 3 5 6 0 2 3 4 5 2 8 5 3 5 9 2 8
2 5 1 0 3 5 8 2 5 4 2 5 1 3 6 2 5 6 0 2 3 5 6 2 9 1 0 3 8 2 9 4
5 3 6 0 1 2 8 4 8 3 6 9 2 6 1 8 4 2 5 1 5 3 5 7 2 6 6 1 3 0 7 1
4 2 5 1 5 3 5 7 2 6 6 1 3 0 7 1 3 7 0 2 9 4 8 1 7 0 3 1 8 3 9 0
5 6 5 2 6 8 0 1 2 7 5 3 2 8 3 1 3 5 6 0 2 3 4 5 2 8 5 3 5 9 2 8
2 5 1 0 3 5 8 2 5 4 2 5 1 3 6 2 4 2 5 1 5 3 5 7 2 6 6 1 3 0 7 1
6 3 2 3 7 4 9 1 0 2 6 3 6 1 9 5 7 1 4 2 8 0 4 2 0 6 9 3 1 4 7 9
3 5 6 0 2 3 4 5 2 8 5 3 5 9 2 8 3 5 6 0 2 3 4 5 2 8 5 3 5 9 2 8
5 6 0 2 3 5 6 2 9 1 0 3 8 2 9 4 3 5 6 0 2 3 4 5 2 8 5 3 5 9 2 8
6 3 2 3 7 4 9 1 0 2 6 3 6 1 9 5 7 1 4 2 8 0 4 2 0 6 9 3 1 4 7 9
7 1 4 2 8 0 4 2 0 6 9 3 1 4 7 9 5 6 5 2 6 8 0 1 2 7 5 3 2 8 3 1
3 7 0 2 9 4 8 1 7 0 3 1 8 3 9 0 5 6 0 2 3 5 6 2 9 1 0 3 8 2 9 4
5 6 0 2 3 5 6 2 9 1 0 3 8 2 9 4 2 5 1 0 3 5 8 2 5 4 2 5 1 3 6 2
3 5 6 0 2 3 4 5 2 8 5 3 5 9 2 8 4 2 5 1 5 3 5 7 2 6 6 1 3 0 7 1
6 3 2 3 7 4 9 1 0 2 6 3 6 1 9 5 3 7 0 2 9 4 8 1 7 0 3 1 8 3 9 0
3 7 0 2 9 4 8 1 7 0 3 1 8 3 9 0 7 1 4 2 8 0 4 2 0 6 9 3 1 4 7 9
7 1 4 2 8 0 4 2 0 6 9 3 1 4 7 9 5 6 5 2 6 8 0 1 2 7 5 3 2 8 3 1
2 5 1 0 3 5 8 2 5 4 2 5 1 3 6 2 5 6 0 2 3 5 6 2 9 1 0 3 8 2 9 4
5 3 6 0 1 2 8 4 8 3 6 9 2 6 1 8 3 5 6 0 2 3 4 5 2 8 5 3 5 9 2 8
4 2 5 1 5 3 5 7 2 6 6 1 3 0 7 1 4 2 5 1 5 3 5 7 2 6 6 1 3 0 7 1
5 6 5 2 6 8 0 1 2 7 5 3 2 8 3 1 3 7 0 2 9 4 8 1 7 0 3 1 8 3 9 0
2 5 1 0 3 5 8 2 5 4 2 5 1 3 6 2 2 5 1 0 3 5 8 2 5 4 2 5 1 3 6 2
6 3 2 3 7 4 9 1 0 2 6 3 6 1 9 5 7 1 4 2 8 0 4 2 0 6 9 3 1 4 7 9