Input:
16
3 5 -6 0 2 3 4 5 2 8 5 3 5 9 2 8
5 6 0 2 3 5 6 2 9 1 0 3 8 2 -9 4
6 3 2 3 -7 4 9 1 0 2 6 3 6 1 9 5
7 1 4 2 8 0 4 2 0 6 9 3 1 4 7 9
3 7 0 2 -9 4 8 1 7 0 3 1 8 3 9 0
5 6 0 2 3 5 6 2 9 1 0 3 8 -2 9 4
3 5 6 0 2 3 -4 5 2 8 5 3 5 9 2 8
6 3 2 3 7 4 9 1 0 2 6 3 6 1 9 5
3 7 0 2 9 4 8 1 7 0 3 1 8 3 9 0
7 1 -4 2 -8 0 4 2 0 6 9 3 1 4 7 9
2 5 1 0 3 5 8 2 5 4 2 5 1 3 6 2
5 3 6 0 1 2 8 4 8 3 6 9 2 6 1 8
4 2 5 1 5 3 5 7 2 6 -6 1 3 0 7 1
5 6 5 2 6 8 0 1 2 7 5 3 2 8 3 1
2 5 1 0 3 5 8 2 5 4 2 5 1 3 6 2
6 3 2 3 7 4 9 1 0 2 6 3 6 1 9 5
3 5 6 0 -2 3 4 5 2 8 5 3 5 9 2 8
5 6 0 2 3 5 6 2 9 1 0 3 -8 2 9 4
6 3 2 3 7 4 9 1 0 2 6 3 6 1 9 5
7 1 4 2 8 0 4 2 0 6 9 3 1 4 7 9
3 7 0 2 9 4 8 1 7 0 3 1 8 3 9 0
5 6 0 2 3 5 6 2 9 1 0 3 8 2 9 4
3 5 6 0 2 3 4 -5 2 8 5 3 5 9 2 8
6 3 2 3 7 4 9 1 0 2 6 3 6 1 9 5
3 7 0 2 9 4 8 1 7 0 3 1 8 3 9 0
7 1 4 2 -8 0 4 2 0 6 9 3 1 4 7 9
2 5 1 0 3 5 8 2 5 4 2 5 1 3 6 2
5 3 6 0 1 2 8 4 8 3 6 9 2 -6 1 8
4 2 5 1 5 3 5 7 2 6 6 1 3 0 7 1
5 -6 5 2 6 8 0 1 2 7 5 3 2 8 3 1
2 5 1 0 3 5 -8 2 5 4 2 5 1 3 6 2
6 3 2 3 7 4 9 1 0 -2 6 3 6 1 9 5

Product:
265 140 183 84 150 233 276 108 201 224 268 188 147 205 348 247 
220 194 149 82 221 161 408 93 204 148 212 101 207 146 315 205 
216 187 194 42 112 191 168 95 157 265 236 209 121 191 275 294 
279 237 187 88 222 251 326 111 201 238 317 233 242 234 412 300 
178 173 149 39 143 194 111 87 197 233 166 159 67 178 264 198 
236 308 147 74 251 219 264 125 286 192 228 179 217 168 411 237 
313 136 159 120 218 257 352 160 185 184 300 200 179 145 440 243 
258 285 194 70 238 247 280 109 255 265 278 223 233 233 401 294 
232 299 149 75 305 266 255 105 323 233 220 177 211 232 426 198 
183 101 171 32 22 155 126 87 89 222 221 193 66 178 196 260 
222 224 144 66 169 209 238 57 254 190 207 190 175 173 324 241 
317 245 227 102 280 279 450 98 257 240 337 262 283 199 418 335 
219 184 130 80 150 148 186 66 131 166 233 126 206 150 320 233 
293 200 156 101 198 261 317 136 276 227 258 206 192 210 423 262 
222 224 144 66 169 209 238 57 254 190 207 190 175 173 324 241 
258 285 194 70 238 247 280 109 255 265 278 223 233 233 401 294 

Multiplications in ordinary multiplication: 4096
Multiplications in Strassen's multiplication: 2401


Input:
32 
3 5 6 0 2 3 4 5 2 8 5 3 5 9 2 8 3 7 0 2 9 4 8 1 7 0 3 1 8 3 9 0
5 6 0 2 3 5 6 2 9 1 0 3 8 2 9 4 2 5 1 0 3 5 8 2 5 4 2 5 1 3 6 2
6 3 2 3 7 4 9 1 0 2 6 3 6 1 9 5 5 6 0 2 3 5 6 2 9 1 0 3 8 2 9 4
7 1 4 2 8 0 4 2 0 6 9 3 1 4 7 9 3 5 6 0 2 3 4 5 2 8 5 3 5 9 2 8
3 7 0 2 9 4 8 1 7 0 3 1 8 3 9 0 7 1 4 2 8 0 4 2 0 6 9 3 1 4 7 9
5 6 0 2 3 5 6 2 9 1 0 3 8 2 9 4 3 5 6 0 2 3 4 5 2 8 5 3 5 9 2 8
3 5 6 0 2 3 4 5 2 8 5 3 5 9 2 8 3 7 0 2 9 4 8 1 7 0 3 1 8 3 9 0
6 3 2 3 7 4 9 1 0 2 6 3 6 1 9 5 5 6 0 2 3 5 6 2 9 1 0 3 8 2 9 4
3 7 0 2 9 4 8 1 7 0 3 1 8 3 9 0 2 5 1 0 3 5 8 2 5 4 2 5 1 3 6 2
7 1 4 2 8 0 4 2 0 6 9 3 1 4 7 9 3 5 6 0 2 3 4 5 2 8 5 3 5 9 2 8
2 5 1 0 3 5 8 2 5 4 2 5 1 3 6 2 5 6 0 2 3 5 6 2 9 1 0 3 8 2 9 4
5 3 6 0 1 2 8 4 8 3 6 9 2 6 1 8 4 2 5 1 5 3 5 7 2 6 6 1 3 0 7 1
4 2 5 1 5 3 5 7 2 6 6 1 3 0 7 1 3 7 0 2 9 4 8 1 7 0 3 1 8 3 9 0
5 6 5 2 6 8 0 1 2 7 5 3 2 8 3 1 3 5 6 0 2 3 4 5 2 8 5 3 5 9 2 8
2 5 1 0 3 5 8 2 5 4 2 5 1 3 6 2 4 2 5 1 5 3 5 7 2 6 6 1 3 0 7 1
6 3 2 3 7 4 9 1 0 2 6 3 6 1 9 5 7 1 4 2 8 0 4 2 0 6 9 3 1 4 7 9
3 5 6 0 2 3 4 5 2 8 5 3 5 9 2 8 3 5 6 0 2 3 4 5 2 8 5 3 5 9 2 8
5 6 0 2 3 5 6 2 9 1 0 3 8 2 9 4 3 5 6 0 2 3 4 5 2 8 5 3 5 9 2 8
6 3 2 3 7 4 9 1 0 2 6 3 6 1 9 5 7 1 4 2 8 0 4 2 0 6 9 3 1 4 7 9
7 1 4 2 8 0 4 2 0 6 9 3 1 4 7 9 5 6 5 2 6 8 0 1 2 7 5 3 2 8 3 1
3 7 0 2 9 4 8 1 7 0 3 1 8 3 9 0 5 6 0 2 3 5 6 2 9 1 0 3 8 2 9 4
5 6 0 2 3 5 6 2 9 1 0 3 8 2 9 4 2 5 1 0 3 5 8 2 5 4 2 5 1 3 6 2
3 5 6 0 2 3 4 5 2 8 5 3 5 9 2 8 4 2 5 1 5 3 5 7 2 6 6 1 3 0 7 1
6 3 2 3 7 4 9 1 0 2 6 3 6 1 9 5 3 7 0 2 9 4 8 1 7 0 3 1 8 3 9 0
3 7 0 2 9 4 8 1 7 0 3 1 8 3 9 0 7 1 4 2 8 0 4 2 0 6 9 3 1 4 7 9
7 1 4 2 8 0 4 2 0 6 9 3 1 4 7 9 5 6 5 2 6 8 0 1 2 7 5 3 2 8 3 1
2 5 1 0 3 5 8 2 5 4 2 5 1 3 6 2 5 6 0 2 3 5 6 2 9 1 0 3 8 2 9 4
5 3 6 0 1 2 8 4 8 3 6 9 2 6 1 8 3 5 6 0 2 3 4 5 2 8 5 3 5 9 2 8
4 2 5 1 5 3 5 7 2 6 6 1 3 0 7 1 4 2 5 1 5 3 5 7 2 6 6 1 3 0 7 1
5 6 5 2 6 8 0 1 2 7 5 3 2 8 3 1 3 7 0 2 9 4 8 1 7 0 3 1 8 3 9 0
2 5 1 0 3 5 8 2 5 4 2 5 1 3 6 2 2 5 1 0 3 5 8 2 5 4 2 5 1 3 6 2
6 3 2 3 7 4 9 1 0 2 6 3 6 1 9 5 7 1 4 2 8 0 4 2 0 6 9 3 1 4 7 9
3 5 6 0 2 3 4 5 2 8 5 3 5 9 2 8 3 7 0 2 9 4 8 1 7 0 3 1 8 3 9 0
5 6 0 2 3 5 6 2 9 1 0 3 8 2 9 4 2 5 1 0 3 5 8 2 5 4 2 5 1 3 6 2
6 3 2 3 7 4 9 1 0 2 6 3 6 1 9 5 5 6 0 2 3 5 6 2 9 1 0 3 8 2 9 4
7 1 4 2 8 0 4 2 0 6 9 3 1 4 7 9 3 5 6 0 2 3 4 5 2 8 5 3 5 9 2 8
3 7 0 2 9 4 8 1 7 0 3 1 8 3 9 0 7 1 4 2 8 0 4 2 0 6 9 3 1 4 7 9
5 6 0 2 3 5 6 2 9 1 0 3 8 2 9 4 3 5 6 0 2 3 4 5 2 8 5 3 5 9 2 8
3 5 6 0 2 3 4 5 2 8 5 3 5 9 2 8 3 7 0 2 9 4 8 1 7 0 3 1 8 3 9 0
6 3 2 3 7 4 9 1 0 2 6 3 6 1 9 5 5 6 0 2 3 5 6 2 9 1 0 3 8 2 9 4
3 7 0 2 9 4 8 1 7 0 3 1 8 3 9 0 2 5 1 0 3 5 8 2 5 4 2 5 1 3 6 2
7 1 4 2 8 0 4 2 0 6 9 3 1 4 7 9 3 5 6 0 2 3 4 5 2 8 5 3 5 9 2 8
2 5 1 0 3 5 8 2 5 4 2 5 1 3 6 2 5 6 0 2 3 5 6 2 9 1 0 3 8 2 9 4
5 3 6 0 1 2 8 4 8 3 6 9 2 6 1 8 4 2 5 1 5 3 5 7 2 6 6 1 3 0 7 1
4 2 5 1 5 3 5 7 2 6 6 1 3 0 7 1 3 7 0 2 9 4 8 1 7 0 3 1 8 3 9 0
5 6 5 2 6 8 0 1 2 7 5 3 2 8 3 1 3 5 6 0 2 3 4 5 2 8 5 3 5 9 2 8
2 5 1 0 3 5 8 2 5 4 2 5 1 3 6 2 4 2 5 1 5 3 5 7 2 6 6 1 3 0 7 1
6 3 2 3 7 4 9 1 0 2 6 3 6 1 9 5 7 1 4 2 8 0 4 2 0 6 9 3 1 4 7 9
3 5 6 0 2 3 4 5 2 8 5 3 5 9 2 8 3 5 6 0 2 3 4 5 2 8 5 3 5 9 2 8
5 6 0 2 3 5 6 2 9 1 0 3 8 2 9 4 3 5 6 0 2 3 4 5 2 8 5 3 5 9 2 8
6 3 2 3 7 4 9 1 0 2 6 3 6 1 9 5 7 1 4 2 8 0 4 2 0 6 9 3 1 4 7 9
7 1 4 2 8 0 4 2 0 6 9 3 1 4 7 9 5 6 5 2 6 8 0 1 2 7 5 3 2 8 3 1
3 7 0 2 9 4 8 1 7 0 3 1 8 3 9 0 5 6 0 2 3 5 6 2 9 1 0 3 8 2 9 4
5 6 0 2 3 5 6 2 9 1 0 3 8 2 9 4 2 5 1 0 3 5 8 2 5 4 2 5 1 3 6 2
3 5 6 0 2 3 4 5 2 8 5 3 5 9 2 8 4 2 5 1 5 3 5 7 2 6 6 1 3 0 7 1
6 3 2 3 7 4 9 1 0 2 6 3 6 1 9 5 3 7 0 2 9 4 8 1 7 0 3 1 8 3 9 0
3 7 0 2 9 4 8 1 7 0 3 1 8 3 9 0 7 1 4 2 8 0 4 2 0 6 9 3 1 4 7 9
7 1 4 2 8 0 4 2 0 6 9 3 1 4 7 9 5 6 5 2 6 8 0 1 2 7 5 3 2 8 3 1
2 5 1 0 3 5 8 2 5 4 2 5 1 3 6 2 5 6 0 2 3 5 6 2 9 1 0 3 8 2 9 4
5 3 6 0 1 2 8 4 8 3 6 9 2 6 1 8 3 5 6 0 2 3 4 5 2 8 5 3 5 9 2 8
4 2 5 1 5 3 5 7 2 6 6 1 3 0 7 1 4 2 5 1 5 3 5 7 2 6 6 1 3 0 7 1
5 6 5 2 6 8 0 1 2 7 5 3 2 8 3 1 3 7 0 2 9 4 8 1 7 0 3 1 8 3 9 0
2 5 1 0 3 5 8 2 5 4 2 5 1 3 6 2 2 5 1 0 3 5 8 2 5 4 2 5 1 3 6 2
6 3 2 3 7 4 9 1 0 2 6 3 6 1 9 5 7 1 4 2 8 0 4 2 0 6 9 3 1 4 7 9

Product:
569 619 356 195 691 547 815 345 524 513 560 401 622 497 882 505 534 606 389 147 603 476 753 450 572 598 532 371 611 527 850 576 
478 568 311 148 552 460 742 326 548 434 455 381 576 469 747 482 434 531 343 121 608 422 695 381 455 531 515 319 470 454 743 416 
514 605 361 152 605 498 832 388 549 521 526 414 602 505 824 535 535 547 406 156 708 419 734 438 474 599 625 328 542 490 849 528 
616 569 394 208 720 532 854 311 402 554 657 457 557 523 868 607 616 578 411 197 771 434 707 404 510 598 656 333 611 543 902 608 
511 620 336 163 663 517 837 336 524 507 537 410 581 514 838 498 536 606 344 167 690 479 737 366 555 543 545 358 572 512 863 507 
593 592 374 202 685 532 824 349 495 516 588 415 620 489 879 548 532 603 383 167 763 467 759 397 512 577 617 337 563 522 872 480 
569 619 356 195 691 547 815 345 524 513 560 401 622 497 882 505 534 606 389 147 603 476 753 450 572 598 532 371 611 527 850 576 
514 605 361 152 605 498 832 388 549 521 526 414 602 505 824 535 535 547 406 156 708 419 734 438 474 599 625 328 542 490 849 528 
454 595 293 141 558 475 733 322 577 431 427 367 578 477 750 439 445 531 334 127 615 418 693 368 462 521 514 321 476 454 753 430 
616 569 394 208 720 532 854 311 402 554 657 457 557 523 868 607 616 578 411 197 771 434 707 404 510 598 656 333 611 543 902 608 
478 568 311 148 552 460 742 326 548 434 455 381 576 469 747 482 452 489 392 113 570 397 661 423 405 591 550 325 437 463 713 478 
560 561 369 182 646 487 860 318 448 490 594 448 581 505 810 592 523 606 322 164 646 492 736 375 588 514 494 352 588 469 869 472 
475 579 291 155 615 474 793 325 514 451 477 363 573 442 818 455 492 555 325 146 563 450 700 411 561 502 458 323 579 416 823 465 
630 580 363 221 704 542 781 296 477 511 598 430 587 499 879 569 548 601 436 155 661 456 691 422 492 642 606 356 589 618 791 616 
465 504 286 146 539 417 728 277 445 416 464 376 505 431 716 498 433 510 316 127 549 422 623 351 460 489 455 302 471 425 709 399 
537 582 381 158 640 498 862 350 456 559 595 456 539 539 813 594 577 607 361 189 726 466 721 381 565 542 573 334 631 516 897 542 
674 568 414 240 748 562 832 320 402 560 680 448 598 506 912 614 588 637 412 180 727 478 740 409 555 615 615 364 643 607 879 620 
593 592 374 202 685 532 824 349 495 516 588 415 620 489 879 548 532 603 383 167 763 467 759 397 512 577 617 337 563 522 872 480 
537 582 381 158 640 498 862 350 456 559 595 456 539 539 813 594 577 607 361 189 726 466 721 381 565 542 573 334 631 516 897 542 
572 581 343 189 676 512 803 287 477 505 575 439 546 516 835 562 563 596 373 174 669 460 684 370 535 567 559 351 597 557 833 582 
488 643 316 157 628 517 807 374 617 469 468 368 644 480 849 439 494 546 389 134 672 432 750 423 464 600 597 352 483 486 815 493 
478 568 311 148 552 460 742 326 548 434 455 381 576 469 747 482 434 531 343 121 608 422 695 381 455 531 515 319 470 454 743 416 
580 528 349 200 672 489 810 300 392 498 597 410 549 451 848 564 520 601 351 155 608 472 695 376 555 546 501 354 591 533 808 540 
490 632 343 145 611 513 823 384 578 518 498 400 604 513 827 492 530 573 368 162 682 448 754 440 546 549 561 322 596 446 887 485 
511 620 336 163 663 517 837 336 524 507 537 410 581 514 838 498 536 606 344 167 690 479 737 366 555 543 545 358 572 512 863 507 
572 581 343 189 676 512 803 287 477 505 575 439 546 516 835 562 563 596 373 174 669 460 684 370 535 567 559 351 597 557 833 582 
478 568 311 148 552 460 742 326 548 434 455 381 576 469 747 482 452 489 392 113 570 397 661 423 405 591 550 325 437 463 713 478 
654 601 434 222 722 560 882 338 458 552 677 486 630 560 874 642 591 642 383 189 765 498 781 408 588 583 608 362 640 543 940 552 
486 488 284 160 596 416 788 280 382 436 514 372 500 396 784 514 478 550 287 154 568 446 642 337 544 450 427 306 559 422 781 429 
525 631 305 176 647 527 764 321 599 464 478 383 611 490 849 460 494 570 413 122 537 454 704 463 509 625 523 363 557 538 762 572 
444 520 288 132 482 418 668 274 508 396 414 380 510 466 648 482 403 474 337 106 513 383 604 368 403 512 467 294 430 431 651 415 
537 582 381 158 640 498 862 350 456 559 595 456 539 539 813 594 577 607 361 189 726 466 721 381 565 542 573 334 631 516 897 542 

Multiplications in ordinary multiplication: 32768
Multiplications in Strassen's multiplication: 16807


